# Created by Octave 8.4.0, Tue Feb 24 16:22:39 2026 GMT <unknown@DESKTOP-3KBDG4T>
# name: v
# type: uint32 matrix
# ndims: 2
 625 1
 2147483648
 2744848655
 3095196505
 600569293
 2503899881
 2622812735
 3570637638
 465806256
 249754818
 3425246594
 3196583377
 2374164256
 3612276559
 3450894269
 2246487239
 353244064
 1570526662
 4188622981
 2594830319
 303228456
 3838093145
 3864022730
 3458998076
 2251647520
 1358507738
 1167766973
 1736821312
 925882059
 3548093824
 3147401578
 79827340
 1587640433
 3223908427
 146834327
 255967329
 390200204
 74013827
 1917194498
 3149123237
 523733494
 4221421480
 1785815536
 631882260
 1318460933
 3237116563
 1753414181
 1880690748
 3918438887
 2863217456
 2591199248
 236512359
 329897808
 641860297
 1367973960
 4062679640
 2374488030
 608800993
 446841007
 1616625254
 1520065015
 44371935
 3412798099
 3915724806
 1376654813
 596336416
 1866839232
 2648402417
 1740502547
 4053225259
 344637757
 1638720454
 3709507432
 1746848866
 3182897562
 1170098865
 2680020797
 1834016169
 1391092540
 2189093504
 878490719
 70862954
 2163589022
 3603179042
 2993217256
 3565193169
 1590064785
 2701934801
 285623101
 2568733429
 3394918349
 2492076993
 2672087745
 2691148734
 362532706
 30990911
 1853596328
 2222862994
 2025070166
 2245820214
 2015637934
 477457403
 767749665
 521544758
 4110134402
 3016546771
 2050561571
 2765482499
 1871635917
 667614205
 2735474664
 1036220507
 884489952
 271625048
 2664528128
 3757336147
 2310802164
 3942469561
 606130626
 1844566542
 3795327274
 1205091427
 2910870508
 1704454500
 434632787
 1072793450
 2761705992
 1676211422
 1937972465
 3986269054
 2082221402
 3822564355
 1451031398
 3145297894
 283750840
 3346475657
 2100299476
 790161858
 3899548702
 3155413529
 1537684197
 3815000460
 1489996114
 1053182645
 3691857817
 3857732311
 218993382
 253342260
 417630831
 3823502478
 1523467587
 277315744
 3411720138
 3096241754
 1395229991
 3894444799
 2813781349
 2797869648
 1505022155
 3995313866
 2380218833
 2627373128
 2097947901
 2875682124
 120302088
 4229585297
 54800239
 488515396
 2728185088
 2868799314
 1299016160
 3843974920
 535273953
 886036040
 247840720
 2169588439
 1899285163
 2397774809
 873865136
 2713345735
 1637889203
 935353962
 1550997808
 1524588261
 1182650678
 396374682
 509594032
 3173307009
 2142313420
 3881860406
 2317580584
 1773681574
 1090197779
 76394239
 2549214684
 2047499167
 604626202
 387171594
 40583804
 2774451773
 3022935401
 1781039514
 2321435711
 2146157821
 4237478700
 411513734
 1150408870
 2459687036
 3137194162
 429856754
 2917414526
 2529867725
 1462916167
 3214085383
 2925235278
 2253679090
 1934071184
 3098693712
 1857642661
 29753704
 749185004
 641962197
 1828731704
 1832648896
 2442610918
 329619315
 4082281448
 3253382053
 831725621
 3398202620
 991878796
 2885483741
 3013097556
 2646959336
 718132385
 2726035621
 4003026104
 1293611015
 2683544865
 1646160985
 3913383382
 3806402524
 1398160001
 1298924217
 4282980969
 1997432
 322281891
 853854953
 33017760
 2418496920
 4101545388
 2337540004
 2294657625
 2565228898
 2314888310
 1557545069
 1407198878
 2385389449
 1584907555
 138529114
 369406337
 732926267
 215504727
 2620372680
 2056982495
 3950536531
 52908685
 1594820858
 259533817
 2066803534
 2431369360
 324023262
 3528428464
 1779747724
 630139826
 116923020
 835431638
 3951796831
 4086001145
 4245285015
 1710625180
 507056
 4012808890
 1100170928
 3405775623
 1085855456
 4024377235
 970342994
 3277820181
 4067530056
 3512283465
 3465127022
 1755236691
 11830249
 659547752
 2848590749
 1500053107
 734479641
 3666930602
 5891169
 1186869136
 2405168286
 1595213801
 3443936976
 1248640670
 706623338
 1138490220
 2150893441
 1064417247
 1509526811
 1114371172
 3726639183
 1882273099
 2762879871
 1833850466
 47075780
 4250505949
 1157394800
 3187334487
 1741040787
 720430589
 733983257
 1214058959
 396368361
 1159292564
 1743872265
 816350622
 3296926096
 1720100310
 2696420159
 2239408773
 1797503483
 3684680711
 1947779103
 2073096409
 3645856066
 2457796951
 156547245
 1043511432
 2441423972
 80742230
 1933649785
 611002908
 686439285
 3620397482
 215198366
 769582107
 3173545809
 1318531780
 478778462
 3175385031
 1508692474
 402405054
 1099586635
 3346264590
 3476569864
 2366247130
 3796470766
 1705839093
 1270370099
 716477139
 2510026709
 1483835188
 3137210543
 185436045
 4192095633
 2876038771
 350371926
 1407948107
 3071927038
 2543778984
 3584846002
 932746819
 2741221965
 3314566757
 1211870075
 2470048692
 1859505194
 3201506759
 2145951299
 64307617
 977117178
 2087772500
 3934736613
 3866815326
 1839893302
 1429850493
 2844936264
 1486583348
 1439163623
 4141664731
 3421785897
 955018448
 1400869717
 3981521709
 2480081539
 726308460
 499279360
 3204483549
 1204102339
 3730284354
 2638840780
 2449290770
 927646542
 1085587167
 1218422008
 1278922244
 3390181131
 1670669697
 3986867279
 2923278190
 1733418112
 1524125593
 1423759110
 2100943726
 206673839
 3356084384
 1682151603
 2882561849
 1708663440
 2964518846
 88596683
 319532622
 3888110115
 3454329561
 220105230
 813463250
 1253027264
 707572281
 927318795
 2994904465
 1132672227
 2965032545
 2298885206
 3550249106
 1532795394
 68720087
 1103252601
 2035131758
 1328933199
 1013650417
 1120478331
 2410336679
 4180265411
 2883242574
 1825701101
 1699994102
 3227974277
 41821503
 1297984751
 749392754
 3502948228
 1160978290
 1328016287
 917923476
 2311715063
 3499319057
 3053010216
 618882264
 940227267
 319357609
 1930745441
 1762846005
 3442956521
 1619259835
 3042446311
 4292172537
 536623182
 528556846
 180218162
 3127320071
 214457246
 368130287
 1230074580
 1331608422
 1893495912
 2566847482
 3253783124
 3886327868
 2068280765
 1916133202
 2796595454
 2830687022
 2160969073
 1590829403
 2060430446
 4218792027
 956802692
 3873222129
 1055797991
 1989934755
 1725606515
 343811235
 5861136
 611043674
 2433600817
 725483719
 3869889106
 458880131
 851533700
 1761387117
 3464920000
 2424029836
 2980632256
 1830617873
 42067583
 2321471175
 511761999
 4139037110
 2888048200
 1623391413
 636546183
 2361972191
 1885237929
 1169920671
 3572971970
 3617214075
 3426669937
 2617887948
 2887731005
 3475868971
 1987787939
 2211882953
 1826942678
 1943109128
 1525446484
 2625690042
 121579546
 1632798659
 521311636
 750140283
 3334492382
 3080832474
 1448452071
 1828070579
 1608131300
 3140096591
 2746954260
 2809005136
 1910444167
 1281275355
 1747759073
 867905121
 1148209899
 3707840788
 4243527279
 2972177771
 3919267810
 3980637612
 1223711656
 4283656969
 1151662812
 622398955
 3610532737
 1124949962
 2591573300
 3376533465
 3561373369
 1430679050
 588274801
 790266831
 2873848910
 4044034151
 101940600
 1058306855
 83375521
 3597935757
 238855621
 3678818747
 3375923400
 1778619537
 3880913539
 2323212209
 1831070261
 2735949604
 298788013
 3356437997
 4087529536
 4016614893
 3927506385
 243958250
 2741800382
 3684824501
 3988185704
 91764972
 654609813
 547864458
 640928607
 2109820077
 4090633916
 884042755
 929038500
 4167588381
 3380512480
 3768260367
 4135212790
 1290825016
 4172653311
 3770398820
 726013930
 2685941806
 3544227953
 85060992
 3184403845
 4293118362
 3248130250
 2278140859
 476890243
 863918478
 2242932375
 1093257986
 2389031668
 2500224610
 576803271
 2281763722
 1873257504
 690165533
 1006680266
 2265027134
 4066236482
 1845356163
 1793809374
 2486818690
 4261861658
 3981896410
 1


